3 3
3 1 2
4 1 4
2 2 2

2 4
7 3 1 8
3 3 3 4

25 5

5
2 3 1 2 2

0001100

# 만들 수 없는 금액
5
3 2 1 1 9

3
3 5 7

12
1 1 1 2 2 2 3 5 6 7 8 9

5 3
1 3 2 3 2

8 5
1 5 4 3 2 4 5 2

K1KA5CB7
AJKDLSI412K4JSJ9D

4 5
00110
00011
11111
00000

5 6
101010
111111
000001
111111
111111

3 3
0 0 0
0 0 2
0 2 2

3
15
27
12

2
홍길동 95
이순신 77

5 3
1 2 5 4 3
5 5 6 6 5

5
8 3 7 9 2
3
5 7 9

4 6
19 15 10 17

7 2
1 1 2 2 2 2 3

7 4
1 1 2 2 2 2 3

5
-15 -6 1 3 7

7
-15 -4 2 8 9 13 15

7
-15 -4 3 8 9 13 15

7 4
1
3
7
8
15
18
30

# 개미전사
4
1 3 1 5

6
1 1 3 1 2 3

# 바닥공사
3

# 효율적인 화폐 구성
2 15
2
3

3 4
3
5
7

# 금광
2
3 4
1 3 3 2 2 1 4 1 0 6 4 7
4 4
1 3 1 5 2 2 4 1 5 0 2 3 0 6 1 2

1
3 3
1 3 3 2 1 4 0 6 4

# 병사 배치하기
7
15 11 4 8 5 2 4

7
14 15 4 8 5 2 4

8
14 15 3 4 8 5 2 4

12
12 2 5 3 2 10 8 7 15 5 4 3

# 미래도시
5 7
1 2
1 3
1 4
2 4
3 4
3 5
4 5
4 5

4 2
1 3
2 4
3 4

# 전보
3 2 1
1 2 4
1 3 2

# 정확한 순위
6 6
1 5
3 4
4 2
4 6
5 2
5 4

# 화성탐사
3
3
5 5 4
3 9 1
3 2 7
5
3 7 2 0 1
2 8 0 9 1
1 2 1 8 1
9 8 9 2 0
3 6 5 1 5
7
9 0 5 1 1 5 3
4 1 2 1 6 5 3
0 7 6 1 6 8 5
1 1 7 8 3 2 3
9 4 0 7 6 4 1
5 8 3 2 4 8 3
7 4 8 4 8 3 4

# 숨바꼭질
6 7
3 6
4 3
3 2
1 3
1 2
2 4
5 2

# 서로소 집합
6 4
1 4
2 3
2 4
5 6

# 서로소 집합(사이클)
3 3
1 2
1 3
2 3

# kruskal
7 9
1 2 29
1 5 75
2 3 35
2 6 34
3 4 7
4 6 23
4 7 13
5 6 53
6 7 25

# 위상정렬
7 8
1 2
1 5
2 3
2 6
3 4
4 7
5 6
6 4

# 팀결성
7 8
0 1 3
1 1 7
0 7 6
1 7 1
0 3 7
0 4 2
0 1 1
1 1 1

# 커리큘럼
5
10 -1
10 1 -1
4 1 -1
4 3 1 -1
3 3 -1

# 여행계획
5 4
0 1 0 1 1
1 0 1 1 0
0 1 0 0 0
1 1 0 0 0
1 0 0 0 0
2 3 4 3

# 탑승구
4
3
4
1
1

4
6
2
2
3
3
4
4

# 평범한 배낭
6 304
98 98
4 4
6 6
100 100
101 101
103 103

10 15
1 1
2 3
5 3
5 1
4 5
3 3
3 2
4 4
4 4
4 3

// 정답
17
// 해설
1 1
2 3
4 5
4 4
4 4


# 게임개발
4 4
1 1 0
1 1 1 1
1 0 0 1
1 1 0 1
1 1 1 1

# 뱀 반례
35
28
21 2
22 23
3 5
34 30
29 31
3 28
20 12
27 26
31 7
5 10
21 10
19 2
15 23
4 23
3 19
3 35
13 30
30 30
23 27
32 17
22 24
8 27
4 8
30 18
15 28
22 29
28 5
16 33
20
27 D
61 L
68 L
100 L
133 L
160 L
165 D
168 D
170 D
182 D
206 D
207 D
214 D
215 D
216 L
237 D
240 D
241 L
251 D
252 D

output: 237

58
58
31 50
13 34
54 27
21 40
17 36
28 48
38 27
13 51
53 44
28 57
10 25
26 20
29 31
2 6
53 24
19 45
31 58
30 36
2 33
52 31
22 30
15 56
44 36
26 12
47 18
10 57
4 5
28 52
6 30
48 15
5 38
25 38
29 48
50 40
36 5
35 15
45 9
56 42
18 15
51 9
33 29
26 47
46 28
43 29
16 41
16 30
38 35
49 14
20 7
39 50
21 36
40 25
9 5
6 4
49 23
15 32
41 4
42 2
78
5 D
8 D
10 L
15 L
17 L
18 L
20 L
32 L
64 D
65 L
76 D
81 L
82 D
86 L
87 D
88 L
91 L
94 D
100 D
103 D
107 D
109 L
110 D
111 D
115 D
116 L
117 D
118 D
119 L
120 L
121 D
143 D
192 D
229 D
276 L
287 L
313 L
365 D
366 D
403 L
404 L
439 D
440 D
463 L
464 L
469 D
470 L
482 D
493 D
494 D
498 L
510 L
513 D
514 L
519 L
520 D
529 L
545 L
552 D
558 D
564 D
565 D
568 L
570 L
574 D
576 D
581 D
588 D
597 D
619 D
672 D
678 D
693 D
742 L
743 L
747 D
748 L
751 L

output: 586