3 3
3 1 2
4 1 4
2 2 2

2 4
7 3 1 8
3 3 3 4

25 5

5
2 3 1 2 2

0001100

5
3 2 1 1 9

3
3 5 7

12
1 1 1 2 2 2 3 5 6 7 8 9

5 3
1 3 2 3 2

8 5
1 5 4 3 2 4 5 2

K1KA5CB7
AJKDLSI412K4JSJ9D

4 5
00110
00011
11111
00000

5 6
101010
111111
000001
111111
111111

3 3
0 0 0
0 0 2
0 2 2

3
15
27
12

2
홍길동 95
이순신 77

5 3
1 2 5 4 3
5 5 6 6 5

5
8 3 7 9 2
3
5 7 9

4 6
19 15 10 17

7 2
1 1 2 2 2 2 3

7 4
1 1 2 2 2 2 3

5
-15 -6 1 3 7

7
-15 -4 2 8 9 13 15

7
-15 -4 3 8 9 13 15

7 4
1
3
7
8
15
18
30

# 개미전사
4
1 3 1 5

6
1 1 3 1 2 3

# 바닥공사
3

# 효율적인 화폐 구성
2 15
2
3

3 4
3
5
7

# 금광
2
3 4
1 3 3 2 2 1 4 1 0 6 4 7
4 4
1 3 1 5 2 2 4 1 5 0 2 3 0 6 1 2

1
3 3
1 3 3 2 1 4 0 6 4

# 병사 배치하기
7
15 11 4 8 5 2 4

7
14 15 4 8 5 2 4

8
14 15 3 4 8 5 2 4

12
12 2 5 3 2 10 8 7 15 5 4 3

# 미래도시
5 7
1 2
1 3
1 4
2 4
3 4
3 5
4 5
4 5

4 2
1 3
2 4
3 4
